3 8 1
27 3
0 0 0 0.24199999999999999 0.31912499999999999 0.14999999999999999
1 0 0 0.36699999999999999 0.31912499999999999 0.14999999999999999
1 1 0 0.37387500000000001 0.44412499999999999 0.14999999999999999
0 1 0 0.24887500000000001 0.44412499999999999 0.14999999999999999
0 0 1 0.24199999999999999 0.32990625000000001 0.27500000000000002
1 0 1 0.36699999999999999 0.32990625000000001 0.27500000000000002
1 1 1 0.37387500000000001 0.45490625000000001 0.27500000000000002
0 1 1 0.24887500000000001 0.45490625000000001 0.27500000000000002
0.5 0 0 0.30449999999999999 0.31912499999999999 0.14999999999999999
1 0.5 0 0.37121874999999999 0.38162499999999999 0.14999999999999999
0.5 1 0 0.31137500000000001 0.44412499999999999 0.14999999999999999
0 0.5 0 0.24621875000000001 0.38162499999999999 0.14999999999999999
0.5 0 1 0.30449999999999999 0.32990625000000001 0.27500000000000002
1 0.5 1 0.37121874999999999 0.39240625000000001 0.27500000000000002
0.5 1 1 0.31137500000000001 0.45490625000000001 0.27500000000000002
0 0.5 1 0.24621875000000001 0.39240625000000001 0.27500000000000002
0 0 0.5 0.24199999999999999 0.3251015625 0.21249999999999999
1 0 0.5 0.36699999999999999 0.3251015625 0.21249999999999999
1 1 0.5 0.37387500000000001 0.4501015625 0.21249999999999999
0 1 0.5 0.24887500000000001 0.4501015625 0.21249999999999999
0.5 0.5 0 0.30871874999999999 0.38162499999999999 0.14999999999999999
0.5 0 0.5 0.30449999999999999 0.3251015625 0.21249999999999999
1 0.5 0.5 0.37121874999999999 0.3876015625 0.21249999999999999
0.5 1 0.5 0.31137500000000001 0.4501015625 0.21249999999999999
0 0.5 0.5 0.24621875000000001 0.3876015625 0.21249999999999999
0.5 0.5 1 0.30871874999999999 0.39240625000000001 0.27500000000000002
0.5 0.5 0.5 0.30871874999999999 0.3876015625 0.21249999999999999
216 2
0 0 0 1 0.015425937499999999
0.11747233803526766 0 0 1 0.016770786497994274
0.35738424175967742 0 0 1 0.019780924607183177
0.64261575824032258 0 0 1 0.023924249031840504
0.88252766196473231 0 0 1 0.028014329576523708
1 0 0 1 0.030263095703124999
0 0.11747233803526766 0 1 0.016883342024841465
0.11747233803526766 0.11747233803526766 0 1 0.01831549593239384
0.35738424175967742 0.11747233803526766 0 1 0.021516027666885557
0.64261575824032258 0.11747233803526766 0 1 0.025906836094952625
0.88252766196473231 0.11747233803526766 0 1 0.030222846982539377
1 0.11747233803526766 0 1 0.032588160318489934
0 0.35738424175967742 0 1 0.020352589318237087
0.11747233803526766 0.35738424175967742 0 1 0.021971202411848322
0.35738424175967742 0.35738424175967742 0 1 0.02557902727430221
0.64261575824032258 0.35738424175967742 0 1 0.030500345291952898
0.88252766196473231 0.35738424175967742 0 1 0.035301499954423693
1 0.35738424175967742 0 1 0.037917333878552562
0 0.64261575824032258 0 1 0.025549355087782499
0.11747233803526766 0.64261575824032258 0 1 0.027403901134239121
0.35738424175967742 0.64261575824032258 0 1 0.031528198167030244
0.64261575824032258 0.64261575824032258 0 1 0.037124048492071335
0.88252766196473231 0.64261575824032258 0 1 0.042543446614415656
1 0.64261575824032258 0 1 0.04547895860798145
0 0.88252766196473231 0 1 0.031070113649744106
0.11747233803526766 0.88252766196473231 0 1 0.033135093003417951
0.35738424175967742 0.88252766196473231 0 1 0.037720919702692132
0.64261575824032258 0.88252766196473231 0 1 0.043920976068360353
0.88252766196473231 0.88252766196473231 0 1 0.049895255496173088
1 0.88252766196473231 0 1 0.053118017588081212
0 1 0 1 0.034236728515625002
0.11747233803526766 1 0 1 0.036408740499520947
0.35738424175967742 1 0 1 0.041229590751287112
0.64261575824032258 1 0 1 0.047737774135827915
0.88252766196473231 1 0 1 0.053995369222739016
1 1 0 1 0.057364902343750003
0 0 0.11747233803526766 1 0.016352174173874738
0.11747233803526766 0 0.11747233803526766 1 0.017761709500947787
0.35738424175967742 0 0.11747233803526766 1 0.020903955480072619
0.64261575824032258 0 0.11747233803526766 1 0.025204343091240852
0.88252766196473231 0 0.11747233803526766 1 0.029426531505859985
1 0 0.11747233803526766 1 0.031739983961540055
0 0.11747233803526766 0.11747233803526766 1 0.017852702918102051
0.11747233803526766 0.11747233803526766 0.11747233803526766 1 0.019352709344031455
0.35738424175967742 0.11747233803526766 0.11747233803526766 1 0.022691815206940032
0.64261575824032258 0.11747233803526766 0.11747233803526766 1 0.027247374563075799
0.88252766196473231 0.11747233803526766 0.11747233803526766 1 0.031701959579079411
1 0.11747233803526766 0.11747233803526766 1 0.034135125433407
0 0.35738424175967742 0.11747233803526766 1 0.021410022124788299
0.11747233803526766 0.35738424175967742 0.11747233803526766 1 0.023102953995257483
0.35738424175967742 0.35738424175967742 0.11747233803526766 1 0.026862558923867116
0.64261575824032258 0.35738424175967742 0.11747233803526766 1 0.03196432842295352
0.88252766196473231 0.35738424175967742 0.11747233803526766 1 0.03691726315158006
1 0.35738424175967742 0.11747233803526766 1 0.039607415852566878
0 0.64261575824032258 0.11747233803526766 1 0.02671149668534098
0.11747233803526766 0.64261575824032258 0.11747233803526766 1 0.028648049250213352
0.35738424175967742 0.64261575824032258 0.11747233803526766 1 0.032939826902527232
0.64261575824032258 0.64261575824032258 0.11747233803526766 1 0.038734795113533962
0.88252766196473231 0.64261575824032258 0.11747233803526766 1 0.044321673855401034
1 0.64261575824032258 0.11747233803526766 1 0.047339192367382585
0 0.88252766196473231 0.11747233803526766 1 0.032320327160593201
0.11747233803526766 0.88252766196473231 0.11747233803526766 1 0.034473779291163728
0.35738424175967742 0.88252766196473231 0.11747233803526766 1 0.039240292547699548
0.64261575824032258 0.88252766196473231 0.11747233803526766 1 0.045655167352700421
0.88252766196473231 0.88252766196473231 0.11747233803526766 1 0.051810133337774802
1 0.88252766196473231 0.11747233803526766 1 0.055121368206579598
0 1 0.11747233803526766 1 0.035530066245859949
0.11747233803526766 1 0.11747233803526766 1 0.037793717195950829
0.35738424175967742 1 0.11747233803526766 1 0.042801720263459561
0.64261575824032258 1 0.11747233803526766 1 0.049532409828890817
0.88252766196473231 1 0.11747233803526766 1 0.055977157731544477
1 1 0.11747233803526766 1 0.059438329818750399
0 0 0.35738424175967742 1 0.018309976519931374
0.11747233803526766 0 0.35738424175967742 1 0.019851619716940359
0.35738424175967742 0 0.35738424175967742 1 0.023263667515824583
0.64261575824032258 0 0.35738424175967742 1 0.027884822796310344
0.88252766196473231 0 0.35738424175967742 1 0.032376813030688872
1 0 0.35738424175967742 1 0.034822373356304864
0 0.11747233803526766 0.35738424175967742 1 0.019898577177449313
0.11747233803526766 0.11747233803526766 0.35738424175967742 1 0.021537157731795577
0.35738424175967742 0.11747233803526766 0.35738424175967742 1 0.025159271352202424
0.64261575824032258 0.11747233803526766 0.35738424175967742 1 0.030051298931022739
0.88252766196473231 0.11747233803526766 0.35738424175967742 1 0.034788891704524622
1 0.11747233803526766 0.35738424175967742 1 0.037360631687269066
0 0.35738424175967742 0.35738424175967742 1 0.023635764263975151
0.11747233803526766 0.35738424175967742 0.35738424175967742 1 0.02548047620060008
0.35738424175967742 0.35738424175967742 0.35738424175967742 1 0.029550059165127474
0.64261575824032258 0.35738424175967742 0.35738424175967742 1 0.035020361879481432
0.88252766196473231 0.35738424175967742 0.35738424175967742 1 0.040283274644025729
1 0.35738424175967742 0.35738424175967742 1 0.043125207411168293
0 0.64261575824032258 0.35738424175967742 1 0.029151083937406189
0.11747233803526766 0.64261575824032258 0.35738424175967742 1 0.031255117121801318
0.35738424175967742 0.64261575824032258 0.35738424175967742 1 0.035888937802615969
0.64261575824032258 0.64261575824032258 0.35738424175967742 1 0.042090561332539161
0.88252766196473231 0.64261575824032258 0.35738424175967742 1 0.048019483102907004
1 0.64261575824032258 0.35738424175967742 1 0.051204482234411312
0 0.88252766196473231 0.35738424175967742 1 0.034939782292498001
0.11747233803526766 0.88252766196473231 0.35738424175967742 1 0.037273920980330166
0.35738424175967742 0.88252766196473231 0.35738424175967742 1 0.042409447543786248
0.64261575824032258 0.88252766196473231 0.35738424175967742 1 0.049263042660286596
0.88252766196473231 0.88252766196473231 0.35738424175967742 1 0.055787021952281232
1 0.88252766196473231 0.35738424175967742 1 0.059278943378347673
0 1 0.35738424175967742 1 0.038237593291055375
0.11747233803526766 1 0.35738424175967742 1 0.040688397056888821
0.35738424175967742 1 0.35738424175967742 1 0.046078619369056689
0.64261575824032258 1 0.35738424175967742 1 0.05326372979935444
0.88252766196473231 1 0.35738424175967742 1 0.060090696946667244
1 1 0.35738424175967742 1 0.063739021849615732
0 0 0.64261575824032258 1 0.020817840490465023
0.11747233803526766 0 0.64261575824032258 1 0.022516546873984907
0.35738424175967742 0 0.64261575824032258 1 0.026249362342186659
0.64261575824032258 0 0.64261575824032258 1 0.031251878644518588
0.88252766196473231 0 0.64261575824032258 1 0.036064636548214637
1 0 0.64261575824032258 1 0.038667260060341532
0 0.11747233803526766 0.64261575824032258 1 0.022511149938990227
0.11747233803526766 0.11747233803526766 0.64261575824032258 1 0.024314481421405191
0.35738424175967742 0.11747233803526766 0.64261575824032258 1 0.028273063264496585
0.64261575824032258 0.11747233803526766 0.64261575824032258 1 0.033565118269692981
0.88252766196473231 0.11747233803526766 0.64261575824032258 1 0.038639179265879404
1 0.11747233803526766 0.64261575824032258 1 0.041375670176692553
0 0.35738424175967742 0.64261575824032258 1 0.026462182138394415
0.11747233803526766 0.35738424175967742 0.64261575824032258 1 0.028487345556455067
0.35738424175967742 0.35738424175967742 0.64261575824032258 1 0.032925461736250008
0.64261575824032258 0.35738424175967742 0.64261575824032258 1 0.038833913980628965
0.88252766196473231 0.35738424175967742 0.64261575824032258 1 0.044465359960440813
1 0.35738424175967742 0.64261575824032258 1 0.047487744209019092
0 0.64261575824032258 0.64261575824032258 1 0.032231742493056229
0.11747233803526766 0.64261575824032258 0.64261575824032258 1 0.034534893563416991
0.35738424175967742 0.64261575824032258 0.64261575824032258 1 0.039575369563148111
0.64261575824032258 0.64261575824032258 0.64261575824032258 1 0.046260466032507878
0.88252766196473231 0.64261575824032258 0.64261575824032258 1 0.052596043121792183
1 0.64261575824032258 0.64261575824032258 1 0.055980160139262131
0 0.88252766196473231 0.64261575824032258 1 0.038234285961026397
0.11747233803526766 0.88252766196473231 0.64261575824032258 1 0.040783243088191215
0.35738424175967742 0.88252766196473231 0.64261575824032258 1 0.046357489963146759
0.64261575824032258 0.88252766196473231 0.64261575824032258 1 0.053732680122732607
0.88252766196473231 0.88252766196473231 0.64261575824032258 1 0.060695379726226711
1 0.88252766196473231 0.64261575824032258 1 0.064402119591625812
0 1 0.64261575824032258 1 0.041636805750591033
0.11747233803526766 1 0.64261575824032258 1 0.044310115697314932
0.35738424175967742 1 0.64261575824032258 1 0.050154758874349295
0.64261575824032258 1 0.64261575824032258 1 0.057880130752262442
0.88252766196473231 1 0.64261575824032258 1 0.065161518764441734
1 1 0.64261575824032258 1 0.069032349848280675
0 0 0.88252766196473231 1 0.023164331887405444
0.11747233803526766 0 0.88252766196473231 1 0.024995146140861259
0.35738424175967742 0 0.88252766196473231 1 0.028997763428822404
0.64261575824032258 0 0.88252766196473231 1 0.034321047400471857
0.88252766196473231 0 0.88252766196473231 1 0.039403607123927292
1 0 0.88252766196473231 1 0.042138338505990129
0 0.11747233803526766 0.88252766196473231 1 0.02494571324922127
0.11747233803526766 0.11747233803526766 0.88252766196473231 1 0.026887618860053093
0.35738424175967742 0.11747233803526766 0.88252766196473231 1 0.031129208460642759
0.64261575824032258 0.11747233803526766 0.88252766196473231 1 0.036757731688523698
0.88252766196473231 0.11747233803526766 0.88252766196473231 1 0.042114800442208396
1 0.11747233803526766 0.88252766196473231 1 0.044989865481438407
0 0.35738424175967742 0.88252766196473231 1 0.029076613328465055
0.11747233803526766 0.35738424175967742 0.88252766196473231 1 0.031253556812681438
0.35738424175967742 0.35738424175967742 0.88252766196473231 1 0.036001651028394151
0.64261575824032258 0.35738424175967742 0.88252766196473231 1 0.042278636488040651
0.88252766196473231 0.35738424175967742 0.88252766196473231 1 0.048220060503770271
1 0.35738424175967742 0.88252766196473231 1 0.05139422481850428
0 0.64261575824032258 0.88252766196473231 1 0.035060018796005218
0.11747233803526766 0.64261575824032258 0.88252766196473231 1 0.037530650485888745
0.35738424175967742 0.64261575824032258 0.88252766196473231 1 0.042913169514120622
0.64261575824032258 0.64261575824032258 0.88252766196473231 1 0.050004921302396865
0.88252766196473231 0.64261575824032258 0.88252766196473231 1 0.056682541420181934
1 0.64261575824032258 0.88252766196473231 1 0.060234139057174639
0 0.88252766196473231 0.88252766196473231 1 0.041242430143814984
0.11747233803526766 0.88252766196473231 0.88252766196473231 1 0.043972073828241434
0.35738424175967742 0.88252766196473231 0.88252766196473231 1 0.049915334010117246
0.64261575824032258 0.88252766196473231 0.88252766196473231 1 0.057729244481202556
0.88252766196473231 0.88252766196473231 0.88252766196473231 1 0.065060957391616936
1 0.88252766196473231 0.88252766196473231 1 0.068948383814277647
0 1 0.88252766196473231 1 0.044733021846670232
0.11747233803526766 1 0.88252766196473231 1 0.047593484609136705
0.35738424175967742 1 0.88252766196473231 1 0.053820347030830204
0.64261575824032258 1 0.88252766196473231 1 0.062000139773609839
0.88252766196473231 1 0.88252766196473231 1 0.069663747030448281
1 1 0.88252766196473231 1 0.073721730930029788
0 0 1 1 0.024422763671875
0.11747233803526766 0 1 1 0.026318264254409592
0.35738424175967742 0 1 1 0.030452989412306668
0.64261575824032258 0 1 1 0.035933336570467017
0.88252766196473231 0 1 1 0.041148004163858394
1 0 1 1 0.043947421875000003
0 0.11747233803526766 1 1 0.026247269253076678
0.11747233803526766 0.11747233803526766 1 1 0.028257027382285527
0.35738424175967742 0.11747233803526766 1 1 0.032637191111292055
0.64261575824032258 0.11747233803526766 1 1 0.038430465267241691
0.88252766196473231 0.11747233803526766 1 1 0.043926108149343251
1 0.11747233803526766 1 1 0.046869025706950285
0 0.35738424175967742 1 1 0.030466241245611085
0.11747233803526766 0.35738424175967742 1 1 0.032717503506685425
0.35738424175967742 0.35738424175967742 1 1 0.037617377788553868
0.64261575824032258 0.35738424175967742 1 1 0.044074814729636091
0.88252766196473231 0.35738424175967742 1 1 0.050168018811521456
1 0.35738424175967742 1 1 0.053416501903113423
0 0.64261575824032258 1 1 0.036554355504158517
0.11747233803526766 0.64261575824032258 1 1 0.039106993712457794
0.35738424175967742 0.64261575824032258 1 1 0.044656993360212435
0.64261575824032258 0.64261575824032258 1 1 0.051947863034454304
0.88252766196473231 0.64261575824032258 1 1 0.058792963771762144
1 0.64261575824032258 1 1 0.062426567927170593
0 0.88252766196473231 1 1 0.042824838765258902
0.11747233803526766 0.88252766196473231 1 1 0.04564295522658203
0.35738424175967742 0.88252766196473231 1 1 0.051766901965719481
0.64261575824032258 0.88252766196473231 1 1 0.05979563087613745
0.88252766196473231 0.88252766196473231 1 1 0.067308030343813469
1 0.88252766196473231 1 1 0.071283929543370872
0 1 1 1 0.046358554687500005
0.11747233803526766 1 1 1 0.049310656416161405
0.35738424175967742 1 1 1 0.055724671653597471
0.64261575824032258 1 1 1 0.064126970577267559
0.88252766196473231 1 1 1 0.071977730649848581
1 1 1 1 0.07612735351562501
