3 32 0
27 3
0 0 0 0.20000000000000001 0.29999999999999999 0.14999999999999999
1 0 0 0.23125000000000001 0.29999999999999999 0.14999999999999999
1 1 0 0.23125000000000001 0.33124999999999999 0.14999999999999999
0 1 0 0.20000000000000001 0.33124999999999999 0.14999999999999999
0 0 1 0.20000000000000001 0.29999999999999999 0.18124999999999999
1 0 1 0.23125000000000001 0.29999999999999999 0.18124999999999999
1 1 1 0.23125000000000001 0.33124999999999999 0.18124999999999999
0 1 1 0.20000000000000001 0.33124999999999999 0.18124999999999999
0.5 0 0 0.21562500000000001 0.29999999999999999 0.14999999999999999
1 0.5 0 0.23125000000000001 0.31562499999999999 0.14999999999999999
0.5 1 0 0.21562500000000001 0.33124999999999999 0.14999999999999999
0 0.5 0 0.20000000000000001 0.31562499999999999 0.14999999999999999
0.5 0 1 0.21562500000000001 0.29999999999999999 0.18124999999999999
1 0.5 1 0.23125000000000001 0.31562499999999999 0.18124999999999999
0.5 1 1 0.21562500000000001 0.33124999999999999 0.18124999999999999
0 0.5 1 0.20000000000000001 0.31562499999999999 0.18124999999999999
0 0 0.5 0.20000000000000001 0.29999999999999999 0.16562499999999999
1 0 0.5 0.23125000000000001 0.29999999999999999 0.16562499999999999
1 1 0.5 0.23125000000000001 0.33124999999999999 0.16562499999999999
0 1 0.5 0.20000000000000001 0.33124999999999999 0.16562499999999999
0.5 0.5 0 0.21562500000000001 0.31562499999999999 0.14999999999999999
0.5 0 0.5 0.21562500000000001 0.29999999999999999 0.16562499999999999
1 0.5 0.5 0.23125000000000001 0.31562499999999999 0.16562499999999999
0.5 1 0.5 0.21562500000000001 0.33124999999999999 0.16562499999999999
0 0.5 0.5 0.20000000000000001 0.31562499999999999 0.16562499999999999
0.5 0.5 1 0.21562500000000001 0.31562499999999999 0.18124999999999999
0.5 0.5 0.5 0.21562500000000001 0.31562499999999999 0.16562499999999999
216 2
0 0 0 1 0.015425937499999999
0.11747233803526766 0 0 1 0.015754968385276433
0.35738424175967742 0 0 1 0.016441689456372973
0.64261575824032258 0 0 1 0.017285174856867602
0.88252766196473231 0 0 1 0.018018754778939945
1 0 0 1 0.018386393632888794
0 0.11747233803526766 0 1 0.015777070454633852
0.11747233803526766 0.11747233803526766 0 1 0.016111406757466883
0.35738424175967742 0.11747233803526766 0 1 0.016809148554413782
0.64261575824032258 0.11747233803526766 0 1 0.017666060669049521
0.88252766196473231 0.11747233803526766 0 1 0.018411206629806533
1 0.11747233803526766 0 1 0.018784599625967978
0 0.35738424175967742 0 1 0.016521281356715965
0.11747233803526766 0.35738424175967742 0 1 0.016866576909786164
0.35738424175967742 0.35738424175967742 0 1 0.017587086578119637
0.64261575824032258 0.35738424175967742 0 1 0.018471741717022733
0.88252766196473231 0.35738424175967742 0 1 0.019240789836754327
1 0.35738424175967742 0 1 0.019626075460795492
0 0.64261575824032258 0 1 0.017456213695577143
0.11747233803526766 0.64261575824032258 0 1 0.017814755477623394
0.35738424175967742 0.64261575824032258 0 1 0.018562788835548495
0.64261575824032258 0.64261575824032258 0 1 0.01948098996472776
0.88252766196473231 0.64261575824032258 0 1 0.020278946324191499
1 0.64261575824032258 0 1 0.020678617489813197
0 0.88252766196473231 0 1 0.018287700868448213
0.11747233803526766 0.88252766196473231 0 1 0.018657566547996524
0.35738424175967742 0.88252766196473231 0 1 0.019429133094452447
0.64261575824032258 0.88252766196473231 0 1 0.020376023128688133
0.88252766196473231 0.88252766196473231 0 1 0.021198707515020947
1 0.88252766196473231 0 1 0.021610685781525561
0 1 0 1 0.018710723009109496
0.11747233803526766 1 0 1 0.019086194165571543
0.35738424175967742 1 0 1 0.019869411198724582
0.64261575824032258 1 0 1 0.020830506289375737
0.88252766196473231 1 0 1 0.02166543630097828
1 1 0 1 0.022083509769439697
0 0 0.11747233803526766 1 0.015655956473065898
0.11747233803526766 0 0.11747233803526766 1 0.015989030253909756
0.35738424175967742 0 0.11747233803526766 1 0.016684008066877292
0.64261575824032258 0 0.11747233803526766 1 0.01753730991652885
0.88252766196473231 0 0.11747233803526766 1 0.018279146580472191
1 0 0.11747233803526766 1 0.018650828329988461
0 0.11747233803526766 0.11747233803526766 1 0.016009784691411368
0.11747233803526766 0.11747233803526766 0.11747233803526766 1 0.016348213361519606
0.35738424175967742 0.11747233803526766 0.11747233803526766 1 0.017054312935626266
0.64261575824032258 0.11747233803526766 0.11747233803526766 1 0.017921161620380779
0.88252766196473231 0.11747233803526766 0.11747233803526766 1 0.018674665358297544
1 0.11747233803526766 0.11747233803526766 1 0.019052150721734201
0 0.35738424175967742 0.11747233803526766 1 0.016759500088074142
0.11747233803526766 0.35738424175967742 0.11747233803526766 1 0.01710898904370832
0.35738424175967742 0.35738424175967742 0.11747233803526766 1 0.017838062831978717
0.64261575824032258 0.35738424175967742 0.11747233803526766 1 0.018732899862146948
0.88252766196473231 0.35738424175967742 0.11747233803526766 1 0.01951051210181547
1 0.35738424175967742 0.11747233803526766 1 0.019899991128420606
0 0.64261575824032258 0.11747233803526766 1 0.017700976726373278
0.11747233803526766 0.64261575824032258 0.11747233803526766 1 0.018063832031945337
0.35738424175967742 0.64261575824032258 0.11747233803526766 1 0.018820674830953732
0.64261575824032258 0.64261575824032258 0.11747233803526766 1 0.019749349513968908
0.88252766196473231 0.64261575824032258 0.11747233803526766 1 0.020556115314515934
1 0.64261575824032258 0.11747233803526766 1 0.020960100003663447
0 0.88252766196473231 0.11747233803526766 1 0.018537968393825009
0.11747233803526766 0.88252766196473231 0.11747233803526766 1 0.018912248632187899
0.35738424175967742 0.88252766196473231 0.11747233803526766 1 0.019692830962504279
0.64261575824032258 0.88252766196473231 0.11747233803526766 1 0.020650439871722239
0.88252766196473231 0.88252766196473231 0.11747233803526766 1 0.02148214004191551
1 0.88252766196473231 0.11747233803526766 1 0.021898532867234706
0 1 0.11747233803526766 1 0.018963685798197912
0.11747233803526766 1 0.11747233803526766 1 0.019343620985182317
0.35738424175967742 1 0.11747233803526766 1 0.020135954837484586
0.64261575824032258 1 0.11747233803526766 1 0.021107888924079853
0.88252766196473231 1 0.11747233803526766 1 0.02195193575483162
1 1 0.11747233803526766 1 0.022374473253815398
0 0 0.35738424175967742 1 0.016128837512593037
0.11747233803526766 0 0.35738424175967742 1 0.016470168035307889
0.35738424175967742 0 0.35738424175967742 1 0.017182008462010387
0.64261575824032258 0 0.35738424175967742 1 0.018055358290994292
0.88252766196473231 0 0.35738424175967742 1 0.018814057568672594
1 0 0.35738424175967742 1 0.019193996060059861
0 0.11747233803526766 0.35738424175967742 1 0.016488170225519169
0.11747233803526766 0.11747233803526766 0.35738424175967742 1 0.016834956672787168
0.35738424175967742 0.11747233803526766 0.35738424175967742 1 0.01755812520340596
0.64261575824032258 0.11747233803526766 0.35738424175967742 1 0.018445267188639175
0.88252766196473231 0.11747233803526766 0.35738424175967742 1 0.019215839883068075
1 0.11747233803526766 0.35738424175967742 1 0.019601683023664489
0 0.35738424175967742 0.35738424175967742 1 0.017249127364671917
0.11747233803526766 0.35738424175967742 0.35738424175967742 1 0.017607180440243023
0.35738424175967742 0.35738424175967742 0.35738424175967742 1 0.018353744595625859
0.64261575824032258 0.35738424175967742 0.35738424175967742 1 0.019269375941781904
0.88252766196473231 0.35738424175967742 0.35738424175967742 1 0.020064478548562862
1 0.35738424175967742 0.35738424175967742 1 0.020462521695104929
0 0.64261575824032258 0.35738424175967742 1 0.018203969322525947
0.11747233803526766 0.64261575824032258 0.35738424175967742 1 0.0185756340691813
0.35738424175967742 0.64261575824032258 0.35738424175967742 1 0.019350468250811239
0.64261575824032258 0.64261575824032258 0.35738424175967742 1 0.020300532907683744
0.88252766196473231 0.64261575824032258 0.35738424175967742 1 0.021125290090852317
1 0.64261575824032258 0.35738424175967742 1 0.021538084221083123
0 0.88252766196473231 0.35738424175967742 1 0.019052202732467657
0.11747233803526766 0.88252766196473231 0.35738424175967742 1 0.019435498754691007
0.35738424175967742 0.88252766196473231 0.35738424175967742 1 0.020234493878229239
0.64261575824032258 0.88252766196473231 0.35738424175967742 1 0.021213993776813635
0.88252766196473231 0.88252766196473231 0.35738424175967742 1 0.02206410674022876
1 0.88252766196473231 0.35738424175967742 1 0.022489515349408414
0 1 0.35738424175967742 1 0.01948342463142122
0.11747233803526766 1 0.35738424175967742 1 0.019872476637554853
0.35738424175967742 1 0.35738424175967742 1 0.020683429625856141
0.64261575824032258 1 0.35738424175967742 1 0.021677500022964202
0.88252766196473231 1 0.35738424175967742 1 0.022540165989714991
1 1 0.35738424175967742 1 0.022971820307847994
0 0 0.64261575824032258 1 0.016697231935674149
0.11747233803526766 0 0.64261575824032258 1 0.017048378907545934
0.35738424175967742 0 0.64261575824032258 1 0.017780267313580778
0.64261575824032258 0 0.64261575824032258 1 0.018677452206430068
0.88252766196473231 0 0.64261575824032258 1 0.019456199463440717
1 0 0.64261575824032258 1 0.019845954403984914
0 0.11747233803526766 0.64261575824032258 1 0.017063108948038239
0.11747233803526766 0.11747233803526766 0.64261575824032258 1 0.017419831965425011
0.35738424175967742 0.11747233803526766 0.64261575824032258 1 0.018163293796522505
0.64261575824032258 0.11747233803526766 0.64261575824032258 1 0.019074562508191888
0.88252766196473231 0.11747233803526766 0.64261575824032258 1 0.019865428503099494
1 0.11747233803526766 0.64261575824032258 1 0.020261208213814677
0 0.35738424175967742 0.64261575824032258 1 0.017837431406745884
0.11747233803526766 0.35738424175967742 0.64261575824032258 1 0.018205666373582119
0.35738424175967742 0.35738424175967742 0.64261575824032258 1 0.018973024844952772
0.64261575824032258 0.35738424175967742 0.64261575824032258 1 0.019913378575414496
0.88252766196473231 0.35738424175967742 0.64261575824032258 1 0.020729275498183271
1 0.35738424175967742 0.64261575824032258 1 0.021137500535990467
0 0.64261575824032258 0.64261575824032258 1 0.018808163407176837
0.11747233803526766 0.64261575824032258 0.64261575824032258 1 0.019190301707668105
0.35738424175967742 0.64261575824032258 0.64261575824032258 1 0.019986525863155372
0.64261575824032258 0.64261575824032258 0.64261575824032258 1 0.020962021082605611
0.88252766196473231 0.64261575824032258 0.64261575824032258 1 0.021808168239631512
1 0.64261575824032258 0.64261575824032258 1 0.02223143592369823
0 0.88252766196473231 0.64261575824032258 1 0.019669762136673444
0.11747233803526766 0.88252766196473231 0.64261575824032258 1 0.020063777033879064
0.35738424175967742 0.88252766196473231 0.64261575824032258 1 0.020884663146783736
0.64261575824032258 0.88252766196473231 0.64261575824032258 1 0.021890189265815381
0.88252766196473231 0.88252766196473231 0.64261575824032258 1 0.022762193218596943
1 0.88252766196473231 0.64261575824032258 1 0.023198320702758866
0 1 0.64261575824032258 1 0.020107528335064961
0.11747233803526766 1 0.64261575824032258 1 0.020507419337142705
0.35738424175967742 1 0.64261575824032258 1 0.021340508635956792
0.64261575824032258 1 0.64261575824032258 1 0.022360896916082885
0.88252766196473231 1 0.64261575824032258 1 0.023245699193346472
1 1 0.64261575824032258 1 0.023688192507423586
0 0 0.88252766196473231 1 0.017181326029690802
0.11747233803526766 0 0.88252766196473231 1 0.017540729743433583
0.35738424175967742 0 0.88252766196473231 1 0.018289480763203386
0.64261575824032258 0 0.88252766196473231 1 0.019206713635385023
0.88252766196473231 0 0.88252766196473231 1 0.020002323506130633
1 0 0.88252766196473231 1 0.020400335188545827
0 0.11747233803526766 0.88252766196473231 1 0.017552707536635553
0.11747233803526766 0.11747233803526766 0.88252766196473231 1 0.017917788331182086
0.35738424175967742 0.11747233803526766 0.88252766196473231 1 0.018678319118791715
0.64261575824032258 0.11747233803526766 0.88252766196473231 1 0.0196098811309398
0.88252766196473231 0.11747233803526766 0.88252766196473231 1 0.020417816082359538
1 0.11747233803526766 0.88252766196473231 1 0.020821953570234482
0 0.35738424175967742 0.88252766196473231 1 0.018338271737833173
0.11747233803526766 0.35738424175967742 0.88252766196473231 1 0.018715070824606342
0.35738424175967742 0.35738424175967742 0.88252766196473231 1 0.019499919663089428
0.64261575824032258 0.35738424175967742 0.88252766196473231 1 0.020461067709538969
0.88252766196473231 0.35738424175967742 0.88252766196473231 1 0.021294454999420176
1 0.35738424175967742 0.88252766196473231 1 0.021711244157164307
0 0.64261575824032258 0.88252766196473231 1 0.019322369057819026
0.11747233803526766 0.64261575824032258 0.88252766196473231 1 0.019713316799393581
0.35738424175967742 0.64261575824032258 0.88252766196473231 1 0.020527532337502392
0.64261575824032258 0.64261575824032258 0.88252766196473231 1 0.021524417530809963
0.88252766196473231 0.64261575824032258 0.88252766196473231 1 0.022388556070457411
1 0.64261575824032258 0.88252766196473231 1 0.022820633195607416
0 0.88252766196473231 0.88252766196473231 1 0.020195209529805604
0.11747233803526766 0.88252766196473231 0.88252766196473231 1 0.020598240210871685
0.35738424175967742 0.88252766196473231 0.88252766196473231 1 0.021437539116998208
0.64261575824032258 0.88252766196473231 0.88252766196473231 1 0.022464956225396293
0.88252766196473231 0.88252766196473231 0.88252766196473231 1 0.023355372971399703
1 0.88252766196473231 0.88252766196473231 1 0.023800516239422087
0 1 0.88252766196473231 1 0.020638480222777787
0.11747233803526766 1 0.88252766196473231 1 0.021047488044004754
0.35738424175967742 1 0.88252766196473231 1 0.021899196478817863
0.64261575824032258 1 0.88252766196473231 1 0.022941721069456751
0.88252766196473231 1 0.88252766196473231 1 0.023845142482719357
1 1 0.88252766196473231 1 0.024296752615945699
0 0 1 1 0.017420609560012817
0.11747233803526766 0 1 1 0.01778405616932302
0.35738424175967742 0 1 1 0.018541063930963823
0.64261575824032258 0 1 1 0.019468113252302386
0.88252766196473231 0 1 1 0.020271979864918993
1 0 1 1 0.020674034442901612
0 0.11747233803526766 1 1 0.017794686330669184
0.11747233803526766 0.11747233803526766 1 1 0.018163859492490924
0.35738424175967742 0.11747233803526766 1 1 0.018932748057260314
0.64261575824032258 0.11747233803526766 1 1 0.019874246639527172
0.88252766196473231 0.11747233803526766 1 1 0.020690539368106671
1 0.11747233803526766 1 1 0.021098769223256826
0 0.35738424175967742 1 1 0.018585755026447468
0.11747233803526766 0.35738424175967742 1 1 0.018966747515784609
0.35738424175967742 0.35738424175967742 1 1 0.019760160474204626
0.64261575824032258 0.35738424175967742 1 1 0.020731490411919296
0.88252766196473231 0.35738424175967742 1 1 0.021573441821737434
1 0.35738424175967742 1 1 0.02199442438204554
0 0.64261575824032258 1 1 0.019576396645871273
0.11747233803526766 0.64261575824032258 1 1 0.019971657910971642
0.35738424175967742 0.64261575824032258 1 1 0.020794682890163743
0.64261575824032258 0.64261575824032258 1 1 0.021802041637307229
0.88252766196473231 0.64261575824032258 1 1 0.022674989618037968
1 0.64261575824032258 1 1 0.023111380266713784
0 0.88252766196473231 1 1 0.020454741612438515
0.11747233803526766 0.88252766196473231 1 1 0.020862186852319178
0.35738424175967742 0.88252766196473231 1 1 0.021710501542306158
0.64261575824032258 0.88252766196473231 1 1 0.022748637525686514
0.88252766196473231 0.88252766196473231 1 1 0.023648070055550384
1 0.88252766196473231 1 1 0.024097627882387347
0 1 1 1 0.020900707569122316
0.11747233803526766 1 1 1 0.021314179420871646
0.35738424175967742 1 1 1 0.022175004674833979
0.64261575824032258 1 1 1 0.023228368261416978
0.88252766196473231 1 1 1 0.024140906493828811
1 1 1 1 0.024596980657577514
