2 2 1
25 2
0 0 0 0.312 0.40289999999999998
1 0 0 0.84699999999999998 0.40289999999999998
1 1 0 0.84699999999999998 0.87840000000000007
0 1 0 0.312 0.87840000000000007
0.17267316464601143 0 0 0.42938014308561612 0.40289999999999998
0.5 0 0 0.62325000000000008 0.40289999999999998
0.82732683535398854 0 0 0.77961985691438374 0.40289999999999998
1 0.17267316464601143 0 0.84699999999999998 0.50250608978917843
1 0.5 0 0.84699999999999998 0.67127500000000007
1 0.82732683535398854 0 0.84699999999999998 0.81379391021082159
0.82732683535398854 1 0 0.77961985691438374 0.87839999999999996
0.5 1 0 0.62325000000000008 0.87840000000000007
0.17267316464601143 1 0 0.42938014308561612 0.87840000000000007
0 0.82732683535398854 0 0.312 0.81379391021082159
0 0.5 0 0.312 0.67127500000000007
0 0.17267316464601143 0 0.312 0.50250608978917843
0.17267316464601143 0.17267316464601143 0 0.42938014308561612 0.50250608978917843
0.5 0.17267316464601143 0 0.62325000000000008 0.50250608978917843
0.82732683535398854 0.17267316464601143 0 0.77961985691438374 0.50250608978917843
0.17267316464601143 0.5 0 0.42938014308561612 0.67127500000000007
0.5 0.5 0 0.62325000000000008 0.67127500000000007
0.82732683535398854 0.5 0 0.77961985691438374 0.67127499999999996
0.17267316464601143 0.82732683535398854 0 0.42938014308561612 0.81379391021082148
0.5 0.82732683535398854 0 0.62324999999999997 0.81379391021082159
0.82732683535398854 0.82732683535398854 0 0.77961985691438374 0.81379391021082148
36 2
0 0 0 1 0.0063499999999999997
0.11747233803526766 0 0 1 0.0096145364175061771
0.35738424175967742 0 0 1 0.023124791912465987
0.64261575824032258 0 0 1 0.065389521354013463
0.88252766196473231 0 0 1 0.14787829317315723
1 0 0 1 0.21459999999999993
0 0.11747233803526766 0 1 0.011408888231585677
0.11747233803526766 0.11747233803526766 0 1 0.015715947845493145
0.35738424175967742 0.11747233803526766 0 1 0.032184694405615402
0.64261575824032258 0.11747233803526766 0 1 0.07941565753240587
0.88252766196473231 0.11747233803526766 0 1 0.16730026457169994
1 0.11747233803526766 0 1 0.23707012576423736
0 0.35738424175967742 0 1 0.034620990922869549
0.11747233803526766 0.35738424175967742 0 1 0.041634737490325924
0.35738424175967742 0.35738424175967742 0 1 0.065784568937487867
0.64261575824032258 0.35738424175967742 0 1 0.12590928826128503
0.88252766196473231 0.35738424175967742 0 1 0.22780301936064351
1 0.35738424175967742 0 1 0.30548675688946664
0 0.64261575824032258 0 1 0.1083445908157918
0.11747233803526766 0.64261575824032258 0 1 0.11958530383237277
0.35738424175967742 0.64261575824032258 0 1 0.15573049664477281
0.64261575824032258 0.64261575824032258 0 1 0.23599107792204749
0.88252766196473231 0.64261575824032258 0 1 0.3597625135360985
1 0.64261575824032258 0 1 0.44980515711134855
0 0.88252766196473231 0 1 0.24610092685514975
0.11747233803526766 0.88252766196473231 0 1 0.26174566480795647
0.35738424175967742 0.88252766196473231 0 1 0.310388678742757
0.64261575824032258 0.88252766196473231 0 1 0.41162856970295558
0.88252766196473231 0.88252766196473231 0 1 0.55819411958068565
1 0.88252766196473231 0 1 0.66111335706034391
0 1 0 1 0.35360000000000008
0.11747233803526766 1 0 1 0.37168395925436309
0.35738424175967742 1 0 1 0.4272490392415248
0.64261575824032258 1 0 1 0.54010856901203197
0.88252766196473231 1 0 1 0.69929890868255673
1 1 0 1 0.80935000000000001
