3 2 0
27 3
0 0 0 0.20000000000000001 0.29999999999999999 0.14999999999999999
1 0 0 0.69999999999999996 0.29999999999999999 0.14999999999999999
1 1 0 0.69999999999999996 0.80000000000000004 0.14999999999999999
0 1 0 0.20000000000000001 0.80000000000000004 0.14999999999999999
0 0 1 0.20000000000000001 0.29999999999999999 0.65000000000000002
1 0 1 0.69999999999999996 0.29999999999999999 0.65000000000000002
1 1 1 0.69999999999999996 0.80000000000000004 0.65000000000000002
0 1 1 0.20000000000000001 0.80000000000000004 0.65000000000000002
0.5 0 0 0.45000000000000001 0.29999999999999999 0.14999999999999999
1 0.5 0 0.69999999999999996 0.55000000000000004 0.14999999999999999
0.5 1 0 0.45000000000000001 0.80000000000000004 0.14999999999999999
0 0.5 0 0.20000000000000001 0.55000000000000004 0.14999999999999999
0.5 0 1 0.45000000000000001 0.29999999999999999 0.65000000000000002
1 0.5 1 0.69999999999999996 0.55000000000000004 0.65000000000000002
0.5 1 1 0.45000000000000001 0.80000000000000004 0.65000000000000002
0 0.5 1 0.20000000000000001 0.55000000000000004 0.65000000000000002
0 0 0.5 0.20000000000000001 0.29999999999999999 0.40000000000000002
1 0 0.5 0.69999999999999996 0.29999999999999999 0.40000000000000002
1 1 0.5 0.69999999999999996 0.80000000000000004 0.40000000000000002
0 1 0.5 0.20000000000000001 0.80000000000000004 0.40000000000000002
0.5 0.5 0 0.45000000000000001 0.55000000000000004 0.14999999999999999
0.5 0 0.5 0.45000000000000001 0.29999999999999999 0.40000000000000002
1 0.5 0.5 0.69999999999999996 0.55000000000000004 0.40000000000000002
0.5 1 0.5 0.45000000000000001 0.80000000000000004 0.40000000000000002
0 0.5 0.5 0.20000000000000001 0.55000000000000004 0.40000000000000002
0.5 0.5 1 0.45000000000000001 0.55000000000000004 0.65000000000000002
0.5 0.5 0.5 0.45000000000000001 0.55000000000000004 0.40000000000000002
216 2
0 0 0 1 0.015425937499999999
0.11747233803526766 0 0 1 0.021333601523299699
0.35738424175967742 0 0 1 0.040241874852058726
0.64261575824032258 0 0 1 0.088924313414420725
0.88252766196473231 0 0 1 0.1768111030673637
1 0 0 1 0.24617593749999994
0 0.11747233803526766 0 1 0.022246910802114689
0.11747233803526766 0.11747233803526766 0 1 0.029714588654445893
0.35738424175967742 0.11747233803526766 0 1 0.052638216007854809
0.64261575824032258 0.11747233803526766 0 1 0.10754339374754704
0.88252766196473231 0.11747233803526766 0 1 0.20188288158012777
1 0.11747233803526766 0 1 0.27481336101108889
0 0.35738424175967742 0 1 0.04905769204926471
0.11747233803526766 0.35738424175967742 0 1 0.060288919814632261
0.35738424175967742 0.35738424175967742 0 1 0.093052046613155998
0.64261575824032258 0.35738424175967742 0 1 0.16341712190439511
0.88252766196473231 0.35738424175967742 0 1 0.27392414835511542
1 0.35738424175967742 0 1 0.3558253670818497
0 0.64261575824032258 0 1 0.12705976468939664
0.11747233803526766 0.64261575824032258 0 1 0.14377446439597602
0.35738424175967742 0.64261575824032258 0 1 0.19109909391427807
0.64261575824032258 0.64261575824032258 0 1 0.28465091933376402
0.88252766196473231 0.64261575824032258 0 1 0.41960179165371703
1 0.64261575824032258 0 1 0.51511842191896551
0 0.88252766196473231 0 1 0.26841477928462076
0.11747233803526766 0.88252766196473231 0 1 0.29059036688691331
0.35738424175967742 0.88252766196473231 0 1 0.35257123208569097
0.64261575824032258 0.88252766196473231 0 1 0.46966850854264103
0.88252766196473231 0.88252766196473231 0 1 0.62957190968434829
1 0.88252766196473231 0 1 0.73902199681349234
0 1 0 1 0.37767593750000006
0.11747233803526766 1 0 1 0.40280823703647917
0.35738424175967742 1 0 1 0.47276803124710542
0.64261575824032258 1 0 1 0.60274145200645135
0.88252766196473231 1 0 1 0.77632650590044072
1 1 0 1 0.89342593749999999
0 0 0.11747233803526766 1 0.019270437720891799
0.11747233803526766 0 0.11747233803526766 1 0.02621308300945191
0.35738424175967742 0 0.11747233803526766 1 0.047235082257185826
0.64261575824032258 0 0.11747233803526766 1 0.098430531803722299
0.88252766196473231 0 0.11747233803526766 1 0.18843104737564015
1 0 0.11747233803526766 1 0.25883086307353681
0 0.11747233803526766 0.11747233803526766 1 0.026781398533180099
0.11747233803526766 0.11747233803526766 0.11747233803526766 1 0.035486693765859778
0.35738424175967742 0.11747233803526766 0.11747233803526766 1 0.060937887581023115
0.64261575824032258 0.11747233803526766 0.11747233803526766 1 0.11884809176458863
0.88252766196473231 0.11747233803526766 0.11747233803526766 1 0.21571514605892378
1 0.11747233803526766 0.11747233803526766 1 0.28988324287023343
0 0.35738424175967742 0.11747233803526766 1 0.055001330392980038
0.11747233803526766 0.35738424175967742 0.11747233803526766 1 0.067884016081475609
0.35738424175967742 0.35738424175967742 0.11747233803526766 1 0.10401988935704193
0.64261575824032258 0.35738424175967742 0.11747233803526766 1 0.17839482650764377
0.88252766196473231 0.35738424175967742 0.11747233803526766 1 0.29227459943540662
1 0.35738424175967742 0.11747233803526766 1 0.37582727608526895
0 0.64261575824032258 0.11747233803526766 1 0.13467874368922828
0.11747233803526766 0.64261575824032258 0.11747233803526766 1 0.15353691677863451
0.35738424175967742 0.64261575824032258 0.11747233803526766 1 0.20523912818946854
0.64261575824032258 0.64261575824032258 0.11747233803526766 1 0.30399546535823152
0.88252766196473231 0.64261575824032258 0.11747233803526766 1 0.44332391957071654
1 0.64261575824032258 0.11747233803526766 1 0.5409840232187918
0 0.88252766196473231 0.11747233803526766 1 0.27744290889710232
0.11747233803526766 0.88252766196473231 0.11747233803526766 1 0.30217581042500125
0.35738424175967742 0.88252766196473231 0.11747233803526766 1 0.36937943753159908
0.64261575824032258 0.88252766196473231 0.11747233803526766 1 0.49268606115331559
0.88252766196473231 0.88252766196473231 0.11747233803526766 1 0.65781222420284291
1 0.88252766196473231 0.11747233803526766 1 0.7698196252575934
0 1 0.11747233803526766 1 0.38739405462265525
0.11747233803526766 1 0.11747233803526766 1 0.41528630419982876
0.35738424175967742 1 0.11747233803526766 1 0.49088270086105479
0.64261575824032258 1 0.11747233803526766 1 0.6275574842448659
0.88252766196473231 1 0.11747233803526766 1 0.80677914058945499
1 1 0.11747233803526766 1 0.92663852222970866
0 0 0.35738424175967742 1 0.029908126775172031
0.11747233803526766 0 0.35738424175967742 1 0.038964497982707035
0.35738424175967742 0 0.35738424175967742 1 0.064303326346591222
0.64261575824032258 0 0.35738424175967742 1 0.1206310586022081
0.88252766196473231 0 0.35738424175967742 1 0.21494840329027626
1 0 0.35738424175967742 1 0.28746194490714777
0 0.11747233803526766 0.35738424175967742 1 0.038828238200110256
0.11747233803526766 0.11747233803526766 0.35738424175967742 1 0.050061099894544367
0.35738424175967742 0.11747233803526766 0.35738424175967742 1 0.080674302841146142
0.64261575824032258 0.11747233803526766 0.35738424175967742 1 0.14472162514928147
0.88252766196473231 0.11747233803526766 0.35738424175967742 1 0.24675068857505505
1 0.11747233803526766 0.35738424175967742 1 0.3234463518481191
0 0.35738424175967742 0.35738424175967742 1 0.06992605613734372
0.11747233803526766 0.35738424175967742 0.35738424175967742 1 0.086181488302881859
0.35738424175967742 0.35738424175967742 0.35738424175967742 1 0.12920546852873427
0.64261575824032258 0.35738424175967742 0.35738424175967742 1 0.21176968332921814
0.88252766196473231 0.35738424175967742 0.35738424175967742 1 0.33253756320726707
1 0.35738424175967742 0.35738424175967742 1 0.41946298633417195
0 0.64261575824032258 0.35738424175967742 1 0.15302499123964555
0.11747233803526766 0.64261575824032258 0.35738424175967742 1 0.17626074622158378
0.35738424175967742 0.64261575824032258 0.35738424175967742 1 0.23690322410801612
0.64261575824032258 0.64261575824032258 0.35738424175967742 1 0.34628865356019184
0.88252766196473231 0.64261575824032258 0.35738424175967742 1 0.49455737424827517
1 0.64261575824032258 0.35738424175967742 1 0.5965950597888825
0 0.88252766196473231 0.35738424175967742 1 0.29866704252495313
0.11747233803526766 0.88252766196473231 0.35738424175967742 1 0.32862270596067222
0.35738424175967742 0.88252766196473231 0.35738424175967742 1 0.40649269736171595
0.64261575824032258 0.88252766196473231 0.35738424175967742 1 0.54248057279215744
0.88252766196473231 0.88252766196473231 0.35738424175967742 1 0.71827310013613077
1 0.88252766196473231 0.35738424175967742 1 0.83550326309870138
0 1 0.35738424175967742 1 0.41002733886315601
0.11747233803526766 1 0.35738424175967742 1 0.44355619089092918
0.35738424175967742 1 0.35738424175967742 1 0.53066413186188921
0.64261575824032258 1 0.35738424175967742 1 0.68102500246991482
0.88252766196473231 1 0.35738424175967742 1 0.87175820312423791
1 1 0.35738424175967742 1 0.9972541872150914
0 0 0.64261575824032258 1 0.057883855982724136
0.11747233803526766 0 0.64261575824032258 1 0.069453238174433621
0.35738424175967742 0 0.64261575824032258 1 0.099924349247398195
0.64261575824032258 0 0.64261575824032258 1 0.16235385785255371
0.88252766196473231 0 0.64261575824032258 1 0.26180348524970226
1 0 0.64261575824032258 1 0.33683003785074828
0 0.11747233803526766 0.64261575824032258 1 0.068479308063778679
0.11747233803526766 0.11747233803526766 0.64261575824032258 1 0.082717196202086077
0.35738424175967742 0.11747233803526766 0.64261575824032258 1 0.11946751727325766
0.64261575824032258 0.11747233803526766 0.64261575824032258 1 0.19081126582084595
0.88252766196473231 0.11747233803526766 0.64261575824032258 1 0.29897744737118936
1 0.11747233803526766 0.64261575824032258 1 0.3786781370881267
0 0.35738424175967742 0.64261575824032258 1 0.10299864780706575
0.11747233803526766 0.35738424175967742 0.64261575824032258 1 0.12326394183196659
0.35738424175967742 0.35738424175967742 0.64261575824032258 1 0.17447719970770104
0.64261575824032258 0.35738424175967742 0.64261575824032258 1 0.2667776553811686
0.88252766196473231 0.35738424175967742 0.64261575824032258 1 0.39573481290909956
1 0.35738424175967742 0.64261575824032258 1 0.48667009789536714
0 0.64261575824032258 0.64261575824032258 1 0.19016543380906001
0.11747233803526766 0.64261575824032258 0.64261575824032258 1 0.21860570054027528
0.35738424175967742 0.64261575824032258 0.64261575824032258 1 0.28987727071012037
0.64261575824032258 0.64261575824032258 0.64261575824032258 1 0.41189963923762074
0.88252766196473231 0.64261575824032258 0.64261575824032258 1 0.57079745220911682
1 0.64261575824032258 0.64261575824032258 1 0.67803964949900108
0 0.88252766196473231 0.64261575824032258 1 0.33922900690042113
0.11747233803526766 0.88252766196473231 0.64261575824032258 1 0.37539401750090673
0.35738424175967742 0.88252766196473231 0.64261575824032258 1 0.46594526071067544
0.64261575824032258 0.88252766196473231 0.64261575824032258 1 0.61700988984997229
0.88252766196473231 0.88252766196473231 0.64261575824032258 1 0.80548366900267054
1 0.88252766196473231 0.64261575824032258 1 0.92892317913000766
0 1 0.64261575824032258 1 0.45226464389474036
0.11747233803526766 1 0.64261575824032258 1 0.49249485854697883
0.35738424175967742 1 0.64261575824032258 1 0.5932888867421533
0.64261575824032258 1 0.64261575824032258 1 0.75992116094894857
0.88252766196473231 1 0.64261575824032258 1 0.96434044882748604
1 1 0.64261575824032258 1 1.0965377955428046
0 0 0.88252766196473231 1 0.11408726206089451
0.11747233803526766 0 0.88252766196473231 1 0.12777037017157888
0.35738424175967742 0 0.88252766196473231 1 0.16255831036069376
0.64261575824032258 0 0.88252766196473231 1 0.23012010167492966
0.88252766196473231 0 0.88252766196473231 1 0.33388655818822849
1 0 0.88252766196473231 1 0.41102683670824935
0 0.11747233803526766 0.88252766196473231 1 0.12609186475459899
0.11747233803526766 0.11747233803526766 0.88252766196473231 1 0.14285731935466081
0.35738424175967742 0.11747233803526766 0.88252766196473231 1 0.18476964955727082
0.64261575824032258 0.11747233803526766 0.88252766196473231 1 0.26225051622942896
0.88252766196473231 0.11747233803526766 0.88252766196473231 1 0.37557870691121081
1 0.11747233803526766 0.88252766196473231 1 0.45780696308990254
0 0.35738424175967742 0.88252766196473231 1 0.16348909057531957
0.11747233803526766 0.35738424175967742 0.88252766196473231 1 0.187127131077263
0.35738424175967742 0.35738424175967742 0.88252766196473231 1 0.24522849590328349
0.64261575824032258 0.35738424175967742 0.88252766196473231 1 0.34571822922663309
0.88252766196473231 0.35738424175967742 0.88252766196473231 1 0.48156349370485013
1 0.35738424175967742 0.88252766196473231 1 0.57587152516816031
0 0.64261575824032258 0.88252766196473231 1 0.25407739838336746
0.11747233803526766 0.64261575824032258 0.88252766196473231 1 0.28689524700711472
0.35738424175967742 0.64261575824032258 0.88252766196473231 1 0.36710708365255806
0.64261575824032258 0.64261575824032258 0.88252766196473231 1 0.49975854446347123
0.88252766196473231 0.64261575824032258 0.88252766196473231 1 0.66759662391056551
1 0.64261575824032258 0.88252766196473231 1 0.7792164030929819
0 0.88252766196473231 0.88252766196473231 1 0.4060188575521621
0.11747233803526766 0.88252766196473231 0.88252766196473231 1 0.44740663006046777
0.35738424175967742 0.88252766196473231 0.88252766196473231 1 0.54862423756468248
0.64261575824032258 0.88252766196473231 0.88252766196473231 1 0.71237011851270426
0.88252766196473231 0.88252766196473231 0.88252766196473231 1 0.91151026195984852
1 0.88252766196473231 0.88252766196473231 1 1.0401725339950056
0 1 0.88252766196473231 1 0.52046364515913124
0.11747233803526766 1 0.88252766196473231 1 0.56633046226196937
0.35738424175967742 1 0.88252766196473231 1 0.67863603476687795
0.64261575824032258 1 0.88252766196473231 1 0.8589543961978876
0.88252766196473231 1 0.88252766196473231 1 1.0748852283861592
1 1 0.88252766196473231 1 1.2127191775520776
0 0 1 1 0.1613790625
0.11747233803526766 0 1 1 0.1760971518759448
0.35738424175967742 0 1 1 0.21299881798403456
0.64261575824032258 0 1 1 0.28307362028244493
0.88252766196473231 0 1 1 0.38895380271471869
1 0 1 1 0.46712906249999997
0 0.11747233803526766 1 1 0.17407365270387809
0.11747233803526766 0.11747233803526766 1 1 0.19207672468428841
0.35738424175967742 0.11747233803526766 1 1 0.23651662134865287
0.64261575824032258 0.11747233803526766 1 1 0.31700251446468425
0.88252766196473231 0.11747233803526766 1 1 0.43285827160822055
1 0.11747233803526766 1 1 0.51632414516726077
0 0.35738424175967742 1 1 0.2128800291372486
0.11747233803526766 0.35738424175967742 1 1 0.23816952756232004
0.35738424175967742 0.35738424175967742 1 1 0.29964363886538314
0.64261575824032258 0.35738424175967742 1 1 0.40414323404809549
0.88252766196473231 0.35738424175967742 1 1 0.54336124500335514
1 0.35738424175967742 1 1 0.63932073438979331
0 0.64261575824032258 1 1 0.30514367760141281
0.11747233803526766 0.64261575824032258 1 1 0.3401049996079869
0.35738424175967742 0.64261575824032258 1 1 0.42469441814596232
0.64261575824032258 0.64261575824032258 1 1 0.56255039070615243
0.88252766196473231 0.64261575824032258 1 1 0.73476605204577883
1 0.64261575824032258 1 1 0.84852930461102194
0 0.88252766196473231 1 1 0.45849428738285736
0.11747233803526766 0.88252766196473231 1 1 0.5024393738167694
0.35738424175967742 0.88252766196473231 1 1 0.60887974322880423
0.64261575824032258 0.88252766196473231 1 1 0.77883497134159252
0.88252766196473231 0.88252766196473231 1 1 0.98319787669655689
1 0.88252766196473231 1 1 1.1144174626573204
0 1 1 1 0.57362906250000012
0.11747233803526766 1 1 1 0.62225582964353277
0.35738424175967742 1 1 1 0.74019800459904106
0.64261575824032258 1 1 1 0.9272177286545159
0.88252766196473231 1 1 1 1.1487851632933872
1 1 1 1 1.2893790625000001
