2 32 0
25 2
0 0 0 0.20000000000000001 0.29999999999999999
1 0 0 0.23125000000000001 0.29999999999999999
1 1 0 0.23125000000000001 0.33124999999999999
0 1 0 0.20000000000000001 0.33124999999999999
0.17267316464601143 0 0 0.20539603639518786 0.29999999999999999
0.5 0 0 0.21562500000000001 0.29999999999999999
0.82732683535398854 0 0 0.22585396360481214 0.29999999999999999
1 0.17267316464601143 0 0.23125000000000001 0.30539603639518786
1 0.5 0 0.23125000000000001 0.31562499999999999
1 0.82732683535398854 0 0.23125000000000001 0.32585396360481211
0.82732683535398854 1 0 0.22585396360481214 0.33124999999999999
0.5 1 0 0.21562500000000001 0.33124999999999999
0.17267316464601143 1 0 0.20539603639518786 0.33124999999999999
0 0.82732683535398854 0 0.20000000000000001 0.32585396360481211
0 0.5 0 0.20000000000000001 0.31562499999999999
0 0.17267316464601143 0 0.20000000000000001 0.30539603639518786
0.17267316464601143 0.17267316464601143 0 0.20539603639518786 0.30539603639518786
0.5 0.17267316464601143 0 0.21562500000000001 0.30539603639518786
0.82732683535398854 0.17267316464601143 0 0.22585396360481214 0.30539603639518786
0.17267316464601143 0.5 0 0.20539603639518786 0.31562499999999999
0.5 0.5 0 0.21562500000000001 0.31562499999999999
0.82732683535398854 0.5 0 0.22585396360481214 0.31562499999999999
0.17267316464601143 0.82732683535398854 0 0.20539603639518786 0.32585396360481211
0.5 0.82732683535398854 0 0.21562500000000001 0.32585396360481211
0.82732683535398854 0.82732683535398854 0 0.22585396360481214 0.32585396360481211
36 2
0 0 0 1 0.0063499999999999997
0.11747233803526766 0 0 1 0.0065138354099143385
0.35738424175967742 0 0 1 0.0068631803663984272
0.64261575824032258 0 0 1 0.0073055589468421474
0.88252766196473231 0 0 1 0.007701762754302041
1 0 0 1 0.0079042061328887941
0 0.11747233803526766 0 1 0.0065910026377257883
0.11747233803526766 0.11747233803526766 0 1 0.006758122017413013
0.35738424175967742 0.11747233803526766 0 1 0.0071143593288119627
0.64261575824032258 0.11747233803526766 0 1 0.007565256398818331
0.88252766196473231 0.11747233803526766 0 1 0.0079688978740273895
1 0.11747233803526766 0 1 0.008175073947043027
0 0.35738424175967742 0 1 0.0071102961300662662
0.11747233803526766 0.35738424175967742 0 1 0.0072842463890551643
0.35738424175967742 0.35738424175967742 0 1 0.0076548202649732036
0.64261575824032258 0.35738424175967742 0 1 0.0081234363695807579
0.88252766196473231 0.35738424175967742 0 1 0.0085425486968969174
1 0.35738424175967742 0 1 0.0087564890268567765
0 0.64261575824032258 0 1 0.0077778239222268406
0.11747233803526766 0.64261575824032258 0 1 0.0079601121856133182
0.35738424175967742 0.64261575824032258 0 1 0.0083481857614568188
0.64261575824032258 0.64261575824032258 0 1 0.0088384303244078474
0.88252766196473231 0.64261575824032258 0 1 0.0092764269017899803
1 0.64261575824032258 0 1 0.0094998445487519106
0 0.88252766196473231 0 1 0.0083843936853562773
0.11747233803526766 0.88252766196473231 0 1 0.008573877475309322
0.35738424175967742 0.88252766196473231 0 1 0.0089770529328161586
0.64261575824032258 0.88252766196473231 0 1 0.009485962411157435
0.88252766196473231 0.88252766196473231 0 1 0.0099402557085411635
1 0.88252766196473231 0 1 0.01017185208545051
0 1 0 1 0.0086972855091094967
0.11747233803526766 1 0 1 0.0088903533281925635
0.35738424175967742 1 0 1 0.0093010509014610221
0.64261575824032258 1 0 1 0.0098192572116393012
0.88252766196473231 1 0 1 0.010281667763357261
1 1 0 1 0.010517337894439698
