2 2 0
25 2
0 0 0 0.20000000000000001 0.29999999999999999
1 0 0 0.69999999999999996 0.29999999999999999
1 1 0 0.69999999999999996 0.80000000000000004
0 1 0 0.20000000000000001 0.80000000000000004
0.17267316464601143 0 0 0.28633658232300574 0.29999999999999999
0.5 0 0 0.45000000000000001 0.29999999999999999
0.82732683535398854 0 0 0.61366341767699417 0.29999999999999999
1 0.17267316464601143 0 0.69999999999999996 0.38633658232300572
1 0.5 0 0.69999999999999996 0.55000000000000004
1 0.82732683535398854 0 0.69999999999999996 0.71366341767699426
0.82732683535398854 1 0 0.61366341767699417 0.79999999999999993
0.5 1 0 0.45000000000000001 0.80000000000000004
0.17267316464601143 1 0 0.28633658232300574 0.80000000000000004
0 0.82732683535398854 0 0.20000000000000001 0.71366341767699426
0 0.5 0 0.20000000000000001 0.55000000000000004
0 0.17267316464601143 0 0.20000000000000001 0.38633658232300572
0.17267316464601143 0.17267316464601143 0 0.28633658232300574 0.38633658232300572
0.5 0.17267316464601143 0 0.45000000000000001 0.38633658232300572
0.82732683535398854 0.17267316464601143 0 0.61366341767699417 0.38633658232300572
0.17267316464601143 0.5 0 0.28633658232300574 0.55000000000000004
0.5 0.5 0 0.45000000000000001 0.55000000000000004
0.82732683535398854 0.5 0 0.61366341767699417 0.54999999999999993
0.17267316464601143 0.82732683535398854 0 0.28633658232300574 0.71366341767699415
0.5 0.82732683535398854 0 0.44999999999999996 0.71366341767699426
0.82732683535398854 0.82732683535398854 0 0.61366341767699417 0.71366341767699415
36 2
0 0 0 1 0.0063499999999999997
0.11747233803526766 0 0 1 0.0096145364175061771
0.35738424175967742 0 0 1 0.023124791912465987
0.64261575824032258 0 0 1 0.065389521354013463
0.88252766196473231 0 0 1 0.14787829317315723
1 0 0 1 0.21459999999999993
0 0.11747233803526766 0 1 0.011408888231585677
0.11747233803526766 0.11747233803526766 0 1 0.015715947845493145
0.35738424175967742 0.11747233803526766 0 1 0.032184694405615402
0.64261575824032258 0.11747233803526766 0 1 0.07941565753240587
0.88252766196473231 0.11747233803526766 0 1 0.16730026457169994
1 0.11747233803526766 0 1 0.23707012576423736
0 0.35738424175967742 0 1 0.034620990922869549
0.11747233803526766 0.35738424175967742 0 1 0.041634737490325924
0.35738424175967742 0.35738424175967742 0 1 0.065784568937487867
0.64261575824032258 0.35738424175967742 0 1 0.12590928826128503
0.88252766196473231 0.35738424175967742 0 1 0.22780301936064351
1 0.35738424175967742 0 1 0.30548675688946664
0 0.64261575824032258 0 1 0.1083445908157918
0.11747233803526766 0.64261575824032258 0 1 0.11958530383237277
0.35738424175967742 0.64261575824032258 0 1 0.15573049664477281
0.64261575824032258 0.64261575824032258 0 1 0.23599107792204749
0.88252766196473231 0.64261575824032258 0 1 0.3597625135360985
1 0.64261575824032258 0 1 0.44980515711134855
0 0.88252766196473231 0 1 0.24610092685514975
0.11747233803526766 0.88252766196473231 0 1 0.26174566480795647
0.35738424175967742 0.88252766196473231 0 1 0.310388678742757
0.64261575824032258 0.88252766196473231 0 1 0.41162856970295558
0.88252766196473231 0.88252766196473231 0 1 0.55819411958068565
1 0.88252766196473231 0 1 0.66111335706034391
0 1 0 1 0.35360000000000008
0.11747233803526766 1 0 1 0.37168395925436309
0.35738424175967742 1 0 1 0.4272490392415248
0.64261575824032258 1 0 1 0.54010856901203197
0.88252766196473231 1 0 1 0.69929890868255673
1 1 0 1 0.80935000000000001
