2 8 1
25 2
0 0 0 0.312 0.40289999999999998
1 0 0 0.4785625 0.40289999999999998
1 1 0 0.4785625 0.54474374999999997
0 1 0 0.312 0.54474374999999997
0.17267316464601143 0 0 0.34232337398635126 0.40289999999999998
0.5 0 0 0.39801562499999998 0.40289999999999998
0.82732683535398854 0 0 0.45136412601364873 0.40289999999999998
1 0.17267316464601143 0 0.4785625 0.42848635919775768
1 0.5 0 0.4785625 0.47573593749999998
1 0.82732683535398854 0 0.4785625 0.52134489080224233
0.82732683535398854 1 0 0.45136412601364873 0.54474374999999997
0.5 1 0 0.39801562499999998 0.54474374999999997
0.17267316464601143 1 0 0.34232337398635126 0.54474374999999997
0 0.82732683535398854 0 0.312 0.52134489080224233
0 0.5 0 0.312 0.47573593749999998
0 0.17267316464601143 0 0.312 0.42848635919775768
0.17267316464601143 0.17267316464601143 0 0.34232337398635126 0.42848635919775768
0.5 0.17267316464601143 0 0.39801562499999998 0.42848635919775768
0.82732683535398854 0.17267316464601143 0 0.45136412601364873 0.42848635919775768
0.17267316464601143 0.5 0 0.34232337398635126 0.47573593749999998
0.5 0.5 0 0.39801562499999998 0.47573593749999998
0.82732683535398854 0.5 0 0.45136412601364873 0.47573593749999998
0.17267316464601143 0.82732683535398854 0 0.34232337398635126 0.52134489080224233
0.5 0.82732683535398854 0 0.39801562499999998 0.52134489080224233
0.82732683535398854 0.82732683535398854 0 0.45136412601364873 0.52134489080224233
36 2
0 0 0 1 0.0063499999999999997
0.11747233803526766 0 0 1 0.0070340670965458952
0.35738424175967742 0 0 1 0.0086947007472849922
0.64261575824032258 0 0 1 0.011233597891738691
0.88252766196473231 0 0 1 0.013974173977972088
1 0 0 1 0.015562158203124999
0 0.11747233803526766 0 1 0.0073668832572092099
0.11747233803526766 0.11747233803526766 0 1 0.0081059120987738188
0.35738424175967742 0.11747233803526766 0 1 0.0098908854398477662
0.64261575824032258 0.11747233803526766 0 1 0.012598734994455754
0.88252766196473231 0.11747233803526766 0 1 0.015499187488624734
1 0.11747233803526766 0 1 0.017171375758587525
0 0.35738424175967742 0 1 0.009936460911638299
0.11747233803526766 0.35738424175967742 0 1 0.010795895004293796
0.35738424175967742 0.35738424175967742 0 1 0.012853260563450222
0.64261575824032258 0.35738424175967742 0 1 0.015931235872983063
0.88252766196473231 0.35738424175967742 0 1 0.019181931232156398
1 0.35738424175967742 0 1 0.021038586155329528
0 0.64261575824032258 0 1 0.014063608494381291
0.11747233803526766 0.64261575824032258 0 1 0.015080443946626727
0.35738424175967742 0.64261575824032258 0 1 0.01749389784146162
0.64261575824032258 0.64261575824032258 0 1 0.021055724947461787
0.88252766196473231 0.64261575824032258 0 1 0.024764279931849872
1 0.64261575824032258 0 1 0.026862081331204483
0 0.88252766196473231 0 1 0.018684697417376359
0.11747233803526766 0.88252766196473231 0 1 0.019845912241871055
0.35738424175967742 0.88252766196473231 0 1 0.022585994893309307
0.64261575824032258 0.88252766196473231 0 1 0.026591644205277841
0.88252766196473231 0.88252766196473231 0 1 0.030720179585254651
1 0.88252766196473231 0 1 0.033039177147983621
0 1 0 1 0.021410791015625
0.11747233803526766 1 0 1 0.022646695305802413
0.35738424175967742 1 0 1 0.025555747574764684
0.64261575824032258 1 0 1 0.029790992312350346
0.88252766196473231 1 0 1 0.034136789416457557
1 1 0 1 0.036570214843750004
